   2.0000000e+00  -9.2723666e-01  -7.5975564e-01   2.9802972e-01  -2.4037213e-01   1.3306157e+00  -7.9238514e-01  -1.3956066e+00  -8.1305606e-01   8.5070136e-03  -3.5025395e-01
   1.0000000e+00  -1.2217722e+00  -7.2044298e-01   2.8624270e-02  -7.3464605e-01  -6.7933265e-02  -8.0828618e-01   1.5121238e-02   7.9875562e-01   5.6825799e-01   3.4977451e-01
   1.0000000e+00  -1.4076466e+00   1.8860269e-01   4.4621904e-01   1.8781743e+00   5.9121425e-01   4.2994903e-01   6.2246864e-01   4.6417635e-01   1.2691536e+00   4.6790341e-01
   2.0000000e+00  -1.3439776e+00  -1.6989412e+00  -1.2567610e+00   9.7795102e-01   1.2082855e+00   2.1788654e+00  -1.6857165e+00   3.9216635e-02  -6.0475641e-01   1.1175383e+00
   1.0000000e+00  -2.3432962e+00   2.6139411e-01  -2.4417002e-01  -6.7910180e-01  -6.7765529e-01  -6.4873033e-01   4.4904467e-01   7.2059821e-02  -8.1520136e-01   1.0693197e+00
   2.0000000e+00   8.7579083e-02  -4.5156680e-01   1.3088848e+00  -1.5170894e+00   1.7681298e+00  -6.2589746e-01   2.0987084e+00   6.1018116e-01   7.9483319e-01   2.0387045e-01
   1.0000000e+00   2.6904173e-01   3.1868939e-02   5.7872949e-01  -5.0475393e-01   7.8496507e-01   1.0465192e-01   6.5353497e-01  -1.1555190e+00  -9.7630538e-01  -3.6130891e-01
   2.0000000e+00  -1.3404521e+00   8.7682854e-01   3.8776374e-01  -1.4141686e+00   5.1610408e-01  -1.1172111e+00   3.6212822e-01  -5.6692083e-01  -9.7361272e-02  -8.4695401e-01
   2.0000000e+00   1.3098520e+00   1.6556746e+00  -5.9013299e-01  -1.2698097e+00  -9.9456987e-01   6.5311539e-02  -1.3947254e+00   4.8506532e-01   8.3747456e-01   6.1195646e-02
   2.0000000e+00  -3.4299932e-01  -1.0187223e+00   1.4518203e+00   1.0353415e+00  -2.6445459e-01   1.0712062e+00   1.1088680e+00   2.0855698e-01  -3.3684413e-01  -8.8895842e-01
   2.0000000e+00  -4.4697129e-01   1.7863475e+00   1.9315080e-02  -1.3957021e+00   1.2138609e-01   3.9331771e-01   8.2648100e-01   3.7527767e-01   2.1468062e+00  -9.0989776e-01
   2.0000000e+00   7.2983829e-01   6.2863815e-01   1.3206906e-01   4.9430779e-01   7.7689112e-01   1.0276992e+00  -1.4034685e+00   6.2639622e-01  -1.0595446e+00  -9.7016409e-01
   2.0000000e+00  -1.0916753e-01   1.4770401e+00  -3.5413675e-01  -1.3251377e+00   2.0590329e-01   1.0696576e+00   6.8682790e-01  -1.0591981e+00   7.7397035e-01  -2.1552429e+00
   2.0000000e+00  -5.7857448e-01   1.3301398e+00   1.1783694e-01  -1.6042541e-01   4.8082453e-02  -2.1800378e-01  -2.5424387e-01   2.4132914e-01  -5.6712058e-01  -3.3921165e-01
   2.0000000e+00   8.2659622e-01  -1.0416637e+00  -6.5895660e-01  -3.3825052e-01  -1.1535636e+00  -1.1093499e+00  -1.9932970e-01  -5.4104822e-01  -1.2869417e+00  -1.5705685e+00
   2.0000000e+00   7.9494862e-01  -7.1147880e-01  -1.6374647e+00  -8.6703915e-01   1.7437780e+00  -7.6470773e-01  -1.2702409e+00  -2.8055694e-01  -6.1284642e-01   3.4086571e-01
   2.0000000e+00   1.0470960e+00  -1.6107784e-01  -2.2535366e-01   1.3105157e-01   9.3843663e-02   2.7314910e-02   1.3532307e+00  -3.5118290e-01  -4.8197749e-01  -1.6441451e+00
   2.0000000e+00   6.1126199e-01   1.5729897e+00  -1.3823419e+00  -1.7335960e+00  -2.0129358e-01  -4.8364394e-02   8.5209495e-01   9.1551630e-02   1.8767821e+00  -1.0758769e+00
   2.0000000e+00  -4.0605699e-01  -1.2900700e-01  -3.2167992e-01   5.7108527e-01   1.0470561e+00   1.6757392e-02  -1.3539471e+00   1.5399134e+00  -1.1276591e+00  -2.6198119e+00
   1.0000000e+00  -1.6369814e+00   4.0763335e-01   1.0966478e-01  -1.4198959e-01  -1.0855879e-01   1.2834581e-01   1.6526487e-01  -7.3280477e-02  -1.8536442e-01  -1.1646489e+00
   2.0000000e+00  -1.0714239e+00   2.4971589e-01  -1.4660450e+00   2.0791410e+00  -3.6853279e-01   9.8264489e-03  -9.9814485e-01   4.4988942e-01   1.6286615e-01  -3.6643492e-01
   2.0000000e+00  -1.8658173e+00  -1.5529786e-01   9.4222340e-01   1.1877393e-01   1.5614787e+00  -7.6241187e-01  -1.2057138e+00   1.5846231e+00   6.7330286e-01   1.4420439e-01
   2.0000000e+00   1.2043556e+00  -6.5050053e-01  -8.1562754e-01   6.8366735e-01  -3.6736835e-01   8.7709691e-01  -1.0428799e+00   6.6104790e-01   1.7393911e+00  -2.6950882e+00
   2.0000000e+00  -6.9645084e-01   5.8221346e-01   1.7282093e+00   3.3405241e-01   5.1627092e-04   1.7585822e+00  -3.8335701e-01   6.1097074e-01   6.2426238e-01  -1.1913124e-01
   1.0000000e+00  -6.0771914e-01  -9.1120686e-01  -2.9363848e-01   3.2853480e-01   5.6825993e-01   7.0060750e-01   3.0963414e-01  -3.4834911e-01  -6.7684423e-01  -9.0791658e-01
   2.0000000e+00  -3.1323761e-01  -8.3756865e-01  -1.1150956e+00  -5.4782469e-01  -8.6582103e-01   2.1480328e+00  -2.4205113e-01  -8.9090372e-01   1.6568604e+00  -1.9209309e+00
   2.0000000e+00  -1.4708340e+00  -8.1707284e-01   1.6205439e+00   1.1756722e-01   4.0203962e-02  -7.9647811e-01  -9.7061263e-01  -6.4760339e-01   2.3279851e-01  -1.0897861e+00
   2.0000000e+00  -6.8502576e-01  -1.4668056e+00  -3.0739831e-01  -2.0884570e+00   1.5910585e-01  -1.2772799e+00  -8.0810381e-01   2.2346652e+00   1.3896021e+00   9.1284364e-01
   2.0000000e+00   7.4643939e-01   1.4791643e+00  -3.6613884e-01   1.0992567e+00   8.4468344e-02  -8.4926214e-01  -2.1568968e+00   3.6804305e-01   7.0426080e-01  -2.0757412e+00
   2.0000000e+00   4.3208615e-01  -6.5609554e-01  -1.0606584e+00   1.8101990e+00   1.2024733e+00  -2.5445995e+00   1.8960136e-01   7.9280506e-01   1.6806696e-01  -4.6003061e-01
   2.0000000e+00  -7.5963850e-01   5.2465639e-01   4.0000082e-01  -4.9156839e-01   3.6858338e-01  -9.9453356e-01   1.8405026e-01  -6.1490399e-01  -5.1150790e-01  -1.7162104e+00
   2.0000000e+00  -4.3009008e-01  -1.9380327e+00   7.4192541e-01   1.3263999e+00   9.7344426e-01   3.5291657e-01   9.4344732e-01  -1.3283427e+00  -6.0840868e-01  -1.6111800e-03
   1.0000000e+00  -4.4729339e-01   1.0419528e+00   1.0120408e+00   4.2308669e-01  -1.2723870e+00  -5.3776640e-01   5.9169238e-01  -1.9652999e+00  -1.2821727e+00   1.4037803e+00
   2.0000000e+00  -1.0501968e+00  -1.7865494e+00  -1.3313694e-01  -2.7188293e-01   3.5089449e-01   1.5031406e+00  -2.1161203e-01  -1.8494239e+00  -1.9379582e-01  -1.9829391e+00
   2.0000000e+00   1.1255675e+00  -7.8097561e-01   7.5827780e-01   2.4354193e-01  -6.1315845e-02   1.0103039e+00   2.1913507e-01  -1.8928324e+00   9.8647591e-01  -9.8443130e-01
   2.0000000e+00  -1.4881558e+00   6.2409488e-01  -1.1919371e+00   5.4767053e-01   1.0609107e+00  -2.0261894e+00   1.1449712e-01   4.4876203e-01   6.3057443e-01  -2.9921136e-01
   2.0000000e+00   1.7570007e+00  -4.8786755e-01   2.9547440e-01  -1.3879599e+00   1.5530238e+00  -5.4355246e-01   2.7456534e+00  -7.6405842e-01  -4.6055617e-01   1.5880044e+00
   2.0000000e+00  -5.4992493e-01   1.0094158e+00   2.3089031e-01   9.3708191e-01   1.0642019e+00   5.2978652e-01  -2.0842922e-01  -5.1075531e-01  -3.3856511e-01  -3.7386740e-01
   2.0000000e+00  -4.5295966e-01  -1.1301310e+00   2.0543399e-01  -1.7281426e+00  -1.5306937e+00   5.7284823e-01   1.1998927e+00   7.3935016e-01   5.5027727e-01  -1.3086585e+00
   2.0000000e+00  -4.6015503e-01   7.0459221e-01   1.1679934e+00   6.2388092e-01   7.1963893e-01   8.2959855e-01   1.2803333e+00   1.3310625e+00   4.7632682e-01   1.1005544e+00
   1.0000000e+00   1.4761091e+00   1.3577184e+00   1.4866512e+00  -5.1441738e-01   8.8383253e-01  -1.5994937e-01   7.4963956e-01   4.9960182e-01  -5.1542696e-01   9.2000405e-01
   2.0000000e+00   5.6068311e-01  -1.1609302e+00   1.2271813e+00   1.5295453e+00   1.3041170e+00   1.2738162e-01  -1.4733745e+00  -1.8238735e+00   4.4223060e-01   5.5001951e-01
   2.0000000e+00   2.0917487e+00  -1.0804628e+00   3.4432948e-01   3.1291501e-01  -5.2142154e-01  -4.4094070e-01  -1.5155872e+00  -5.9566710e-01   4.4378868e-01   6.0867186e-01
   2.0000000e+00  -6.7351108e-01   1.2381540e+00   4.8701284e-01   1.1838821e+00  -1.3030903e+00  -3.5729888e-01   2.6044911e+00   1.2323452e-01   3.7074999e-01  -1.3609892e+00
   1.0000000e+00  -1.1360498e-01   7.4522240e-01  -3.0817559e-01   2.0393826e+00   6.9969087e-01  -7.3879231e-01   1.1517309e-01   2.2590674e-02  -6.4260053e-01  -1.1244059e+00
   2.0000000e+00  -9.9338525e-01   1.3722107e-01  -1.3801688e+00   2.9186149e-01  -1.3692429e+00   7.5440850e-01   8.4990789e-01  -6.8637265e-01  -5.2040078e-01   9.2315536e-01
   1.0000000e+00  -4.3951822e-01  -7.8479389e-01  -7.5148363e-01  -1.3994431e+00   6.3146375e-01  -1.8945928e-01   5.8478443e-01   8.6175314e-01   1.0860120e+00  -1.1765378e+00
   2.0000000e+00   3.1142228e-01  -4.2627859e-01   1.0849414e+00   1.8361182e+00   5.3682717e-01   2.1291873e-01   1.8219819e+00  -5.4766964e-02  -5.5574961e-01   1.5787740e-01
   1.0000000e+00   1.4137254e+00   2.7866211e-01  -3.2957250e-01   1.3424128e+00  -4.5229318e-01   6.4063878e-01   3.1525613e-01  -1.0577470e+00   1.6816767e+00  -4.2977501e-01
   2.0000000e+00   7.9235078e-01   1.0354841e-01  -9.9957496e-01   1.0137255e+00  -1.1147307e+00   1.3464602e-01  -7.9354828e-01  -3.0045020e-01   4.7265493e-02  -8.8005775e-01
   2.0000000e+00   6.5149819e-01  -6.1223748e-01   6.5581554e-01   4.3586209e-01   6.5048013e-01   1.3065447e+00   1.3333319e+00   7.0310187e-01   1.4116975e+00   1.5957114e-01
   2.0000000e+00  -1.6387563e-01  -2.7908513e-02   9.1500043e-01  -1.3076612e+00  -9.9515635e-01  -3.1811250e-01  -1.5209186e-01   1.1725861e+00  -5.6405304e-01  -1.6035444e-01
   2.0000000e+00   1.2279173e+00  -2.2575659e-02  -2.2855271e+00   8.6020575e-01   1.1005259e+00   1.3467237e+00   2.4523553e-01  -6.2769189e-01  -9.5376462e-01   6.0047302e-01
   2.0000000e+00  -9.6896467e-02   1.3099124e+00   1.0911764e+00  -2.4485573e-01   9.1060306e-01  -4.3993304e-01   1.6324180e+00   8.9966883e-01  -9.5432033e-02   7.8559278e-01
   2.0000000e+00  -9.2675002e-02  -1.4100316e+00  -3.6234081e-01  -2.5402366e-01   4.0413354e-01   1.4320343e-01  -1.8806273e+00  -7.8973260e-01  -4.7586430e-01  -1.7195569e+00
   2.0000000e+00   9.4359460e-01   1.5133809e+00   6.5154021e-02   1.9358428e-02  -8.1691327e-01  -1.0730173e+00   9.7212611e-01  -1.3727630e+00  -4.4663263e-01  -8.0985137e-01
   2.0000000e+00   8.8610060e-01   4.4212393e-01   1.1130405e-01  -1.0002985e+00  -2.0287005e-01   8.1813726e-01   7.3905691e-01  -9.7173373e-01  -7.6384038e-01   1.4962327e-01
   2.0000000e+00   3.5858511e-01  -5.2609586e-02   9.6996491e-01  -1.9563734e+00  -1.1010255e-01  -1.2003329e+00  -1.3308568e-01  -6.8230721e-01  -9.0190189e-01   9.3682394e-01
   2.0000000e+00  -2.0458625e-01  -1.6515727e-02   3.9316520e-01  -5.5954619e-01  -8.2988437e-03  -1.2691829e+00  -2.2254705e+00  -2.2191022e-01   2.0651531e-01   1.5021021e+00
   2.0000000e+00  -1.3729451e-01   1.0265640e-01   1.6394738e-01  -3.5984277e-01  -3.0269293e-01   1.4950827e+00  -6.5013833e-01  -7.7267310e-01   1.1400928e+00  -4.9020030e-01
   2.0000000e+00   1.5717538e-01  -2.2217905e+00  -3.6960181e-01   4.1881775e-02   9.5266617e-01  -9.2947112e-01  -5.1397966e-01  -9.1475486e-01   6.1307398e-01  -1.5721773e-01
   2.0000000e+00   1.2140457e+00  -2.2261595e-01   2.6384785e-02  -3.9278314e-01   1.0644485e+00  -1.2136254e+00   1.1143181e+00  -1.2434014e+00  -6.9479381e-01   4.8350849e-01
   2.0000000e+00   1.7537927e+00  -1.1676333e+00  -1.2926315e+00   3.3322813e-01   7.5168011e-01  -1.8322265e-02  -7.5610874e-01  -3.7799069e-01  -8.9832446e-01   8.1433416e-01
   2.0000000e+00   1.3528629e+00  -1.5897600e+00   3.5201388e-01   1.0242147e+00   2.7041167e+00   5.1604756e-01  -8.6516536e-02   5.9119835e-02  -7.0681297e-02   6.4524298e-01
   2.0000000e+00  -7.4445996e-01  -1.5170531e+00   1.9646241e+00  -4.5204301e-01  -1.7560920e+00   1.3367279e+00  -9.6978768e-01  -1.4263996e+00   1.9743781e-02   1.8565654e+00
   2.0000000e+00   3.0633787e-01   1.1892885e+00  -1.1839376e+00  -1.3921048e+00   3.9139822e-03   1.2086198e+00   1.1725692e+00   6.3632120e-01   4.5753676e-01   1.1712714e+00
   2.0000000e+00   1.0399151e+00   2.3562497e-01   4.7695669e-02  -2.9977579e-01  -1.1263304e+00  -4.0437348e-01   2.3419277e+00   1.1833748e+00  -8.2689159e-01  -6.4437552e-01
   2.0000000e+00  -1.2592963e+00   9.0253805e-02  -8.1645011e-01   1.2049188e+00  -1.1743772e+00   1.7906031e+00  -1.2405812e+00   7.2026972e-01   7.9272515e-01  -3.3730260e-03
   2.0000000e+00  -4.0449727e-01   2.1229070e+00   7.4070128e-01  -1.6805545e-01  -1.2329393e+00   4.5466782e-01  -5.2531838e-01   1.3782292e-01   5.3282517e-01   5.3614679e-01
   2.0000000e+00  -8.7901392e-01   6.6611150e-01   1.2380940e-01   1.2231150e+00   8.5865551e-01  -1.2660411e-01   1.4875351e+00  -1.2087463e-01  -1.0801396e+00  -7.1870836e-01
   2.0000000e+00  -2.3878679e-01   1.6798140e-01   5.3230757e-01  -1.5490122e+00  -1.5564409e+00  -1.8779020e-01  -3.1567030e-01  -1.0966925e+00  -1.1115021e+00  -4.0381998e-01
   2.0000000e+00  -4.3368893e-02   5.9015052e-01   1.0678757e+00  -5.4590212e-02  -4.5310355e-01  -1.2112951e+00  -2.5195661e+00  -5.7087373e-01   1.2856939e-01  -3.2110867e-01
   2.0000000e+00   8.5042285e-01   1.6014302e+00  -1.0603652e+00   4.9261876e-01  -7.8093189e-01   9.5195739e-02  -6.3765563e-01   5.2491481e-01  -1.2081260e-01   1.1526150e+00
   1.0000000e+00   1.9608241e+00   9.9716886e-02  -6.0243120e-01  -1.2242744e+00  -8.8296767e-02  -3.2396745e-01   7.9914669e-01   7.7094539e-01  -5.2446882e-01  -3.9448432e-01
   2.0000000e+00  -3.7146443e-01  -1.2961078e+00  -6.4496775e-01  -1.9247259e-01  -2.6953099e-01   1.9643935e-02  -1.1881287e+00   2.7211519e-01   3.2660560e-02   6.6897286e-01
   2.0000000e+00   1.1153346e+00  -4.0142944e-01  -4.1377395e-01  -4.6364184e-01   1.0584964e-01   9.9006964e-01  -9.0518965e-01   1.3092263e+00  -5.6973654e-01   8.4652057e-01
   2.0000000e+00  -7.7155846e-01  -2.3199113e-01   1.1039074e+00   1.3972244e+00  -8.2493510e-01   1.8263262e+00  -8.4102184e-01  -9.4168318e-02   2.2296233e-01   1.8702609e-01
   2.0000000e+00   3.2668380e-01  -1.5074587e+00   7.4005992e-02   9.7214444e-03  -6.9578249e-01   7.5497953e-01  -1.7326690e-01  -8.5412518e-01  -1.6394410e+00  -6.5366208e-01
   2.0000000e+00  -1.5146576e+00  -2.7382828e-01  -1.3430375e-01  -8.3490309e-01  -8.0841039e-02  -3.0610122e-03  -9.0504360e-01   8.5725474e-02  -2.7779756e-01  -1.6058509e+00
   1.0000000e+00   3.0398296e-01   2.9685437e+00   1.0669259e+00  -1.1894152e+00   1.1858669e+00  -3.6142512e-01   1.7855504e-01   1.0040592e+00   6.2884181e-01  -6.4628425e-01
   2.0000000e+00  -3.6358268e-01   1.3816905e+00  -1.9098132e+00   4.5890482e-01   8.3815029e-01  -5.0735508e-01   2.3112077e+00  -3.2738989e+00   3.4794702e-01   1.4917104e-01
   1.0000000e+00   1.4699335e-01  -9.2477624e-01   5.2106733e-01  -4.7182692e-01   2.1848845e-01   6.2017384e-01   6.5078397e-01   6.3990370e-01  -1.3729927e+00   3.0142585e-01
   2.0000000e+00   2.1772419e+00  -4.3785350e-01   4.1451906e-01   1.4764751e+00  -7.8808578e-01  -2.1169782e+00  -1.5674856e+00  -4.9999563e-01   2.4821364e-01  -1.4922007e+00
   2.0000000e+00   6.4903061e-01  -1.4587048e-01  -1.0126226e+00  -3.9238073e-01   3.3964213e-01  -2.7378201e-01   2.2764983e+00   1.0014287e+00   6.9257510e-01  -5.8303008e-01
   2.0000000e+00   1.1957440e+00  -1.7881922e-01  -3.0463407e-01  -7.2872087e-01   7.7143609e-03  -9.0996549e-01  -9.4429728e-01   2.5082094e-01   7.2492550e-01   1.5106965e+00
   2.0000000e+00   2.0992733e-02  -2.1591584e-01   8.1705719e-01  -6.4582100e-01   8.4260315e-01   5.9213590e-01  -9.7184022e-01  -1.5449151e+00  -4.3786364e-01  -7.4131904e-01
   2.0000000e+00  -4.3696445e-01   7.2448191e-01  -4.1403769e-01   1.4087305e+00   2.6037189e-01   4.8715077e-02  -2.3858180e+00   5.0416898e-01   1.3349174e+00   9.4162685e-01
   2.0000000e+00  -1.6320623e+00   7.0033976e-01  -1.0778308e+00   1.0468449e+00   1.0891758e+00   3.7153401e-01  -7.7559896e-01   1.4996506e+00  -8.6431815e-02  -4.9674279e-01
   2.0000000e+00   7.7918292e-01  -1.0074257e+00  -1.5585530e+00   9.8247277e-01   1.4306037e+00  -4.9858979e-01  -1.1843795e+00   1.4706690e+00   2.4585818e-01  -6.5970077e-01
   2.0000000e+00   6.7215570e-01  -2.2812805e-01   1.3511148e+00   2.9316743e-01   5.0658042e-01   8.7390387e-01  -2.9143322e+00   1.0070538e-01  -1.1322292e+00  -3.2646818e-01
   2.0000000e+00   1.0215197e-01   2.2823313e-01  -9.1084271e-01   7.1883815e-01  -6.0406480e-01  -1.2413691e+00  -9.1898901e-01  -2.0407230e+00  -6.8600877e-01  -5.7762012e-01
   2.0000000e+00   8.6116966e-01   1.0285775e+00  -4.7660734e-01   8.9875511e-01  -3.6011721e-01  -1.0269479e+00  -2.0387530e-01  -6.5551517e-01   7.3512447e-01  -5.7917046e-01
   2.0000000e+00   1.8583810e+00  -1.5688543e+00  -9.7067934e-01   6.3518814e-01   5.2791019e-01   3.6284056e-01   1.8344854e+00  -2.3465207e-01   3.9862066e-01  -9.2605124e-01
   2.0000000e+00  -1.1769165e+00  -4.1891186e-01  -4.5607553e-01   5.7577234e-01   2.2922558e+00   5.6750596e-01   1.0144736e+00  -2.7179861e-01   7.9398432e-01   1.1821342e+00
   2.0000000e+00   1.6356869e+00   7.3733847e-01   1.0195023e+00   3.7294180e-01   3.5897897e-01  -6.4043363e-01  -1.4514110e+00   1.4937139e+00  -3.4135081e-01  -4.0125727e-01
   2.0000000e+00   4.4329515e-01  -1.7256877e+00   1.7121322e+00   1.1804748e+00  -9.9841647e-01   1.1261231e+00   9.5883103e-02   2.4728922e-01  -1.3805246e-01   1.2895417e+00
   2.0000000e+00   1.7841168e-01  -1.4038614e+00   1.0894113e+00  -2.1460194e+00   9.9142184e-01  -1.6261037e+00   2.3885687e-01   4.1408206e-01   4.8810704e-01   1.2431121e-01
   2.0000000e+00   2.0980436e-01   2.4763224e+00   8.7779496e-01   8.9696789e-01   1.0235900e+00   4.8834429e-01   1.0993962e+00  -7.3091203e-02  -8.2198554e-01   1.1598227e-01
   2.0000000e+00  -1.6316747e-01  -5.0613342e-02   3.4191753e+00   7.8607242e-01   7.4188379e-01  -1.8540185e+00   3.6320456e-01  -1.0179025e+00  -2.7826723e-01   1.9534414e+00
   2.0000000e+00   1.3606179e+00   3.2957800e-01   2.4229477e-01   1.5510478e+00  -1.0924844e+00   2.7207801e-01  -4.6457689e-01  -5.8112528e-01   3.4217285e-01  -3.1725825e-01
